0 01
0 01
0 01
0 01
0 02
0 02
0 02
0 02
1 00
1 00
1 01
1 01
1 02
1 02
1 03
1 03
1 04
1 04
1 05
1 05
1 06
1 06
1 07
1 07
1 08
1 08
1 09
1 09
1 10
1 10
1 11
1 11
1 12
1 12
2 00
2 00
2 01
2 01
2 02
2 02
2 03
2 03
2 04
2 04
2 05
2 05
2 06
2 06
2 07
2 07
2 08
2 08
2 09
2 09
2 10
2 10
2 11
2 11
2 12
2 12
3 00
3 00
3 01
3 01
3 02
3 02
3 03
3 03
3 04
3 04
3 05
3 05
3 06
3 06
3 07
3 07
3 08
3 08
3 09
3 09
3 10
3 10
3 11
3 11
3 12
3 12
4 00
4 00
4 01
4 01
4 02
4 02
4 03
4 03
4 04
4 04
4 05
4 05
4 06
4 06
4 07
4 07
4 08
4 08
4 09
4 09
4 10
4 10
4 11
4 11
4 12
4 12
